1082
1089
1079
1090
1082
1091
749
725
724
750
734
751
740
1491
1497
1496
1485
1494
1507
1503
1508
1509
1506
1510
1103
1109
1100
1104
1128
1129
1120
1130
1115
1131
1132
1133
1116
1134
1135
1127
1117
1136
1137
1224
1245
1250
1249
1251
1234
1216
1215
1235
1229
1231
1226
1227
1232
1240
1218
1242
1233
1246
1247
1248
1231
1236
1227
1234
1237
1238
1221
1239
1252
1226
1253
1272
1292
1293
1267
1294
1295
1278
1296
1282
1280
1281
1268
1269
1277
1283
1286
1287
1270
1282
1279
1288
1285
1289
1290
1291
1294
1297
1281
1273
1330
1332
1351
1316
1352
1353
1324
1340
1356
1334
1354
1357
1326
1358
1319
1355
1343
1329
1346
1347
1326
1337
1348
1342
1349
1350
1339
1359
1360
1348
1361
1349
1342
1358
1346
1387
1413
1397
1414
1389
1408
1394
1391
1417
1400
1393
1418
1419
1385
1420
1403
1395
1421
1422
1423
1424
1425
1426
1416
1427
1428
1429
1409
1430
1431
1427
1432
1433
1426
1409
1434
1435
1424
1431
1180
1191
1189
1192
1193
1194
1195
1196
1182
1197
1169
1163
1162
1174
1175
1177
1178
1198
1199
1200
1201
1202
1203
1183
1161
1582
1583
1582
1584
1585
1586
1191
1199
1587
1588
1201
1671
1635
1672
1673
1636
1674
1675
1658
1659
1660
1661
1638
1662
1648
1640
1663
1722
1723
1650
1724
1725
1784
1785
1676
1651
1652
1723
1677
1725
1724
1678
1676
1679
1785
1784
1657
1747
1748
1760
1749
1761
1745
1762
1763
1764
1765
1851
1738
1794
1743
1766
1767
1768
1769
1739
1770
1771
1792
1772
1773
1774
1775
1793
1776
1758
1777
1796
1797
1752
1798
1772
1799
1800
1792
1798
1796
1771
1776
1773
1737
1752
1758
1821
1853
1854
1855
1856
1857
1829
1858
1859
1824
1823
1833
878
1852
879
1825
1849
1826
880
1832
881
1822
882
1839
1840
1841
1842
1843
1844
883
884
885
886
887
884
1821
885
888
1822
889
1843
1829
1833
1839
882
886
1846
934
926
927
938
937
939
940
941
928
187
940
188
163
941
5321
939
196
180
170
181
173
197
178
198
199
200
201
202
203
178
200
673
675
670
688
679
686
684
687
694
672
695
696
694
697
698
311
288
292
305
312
313
314
315
316
295
297
410
420
423
416
404
414
424
425
426
427
428
424
429
430
431
471
460
458
461
457
484
470
482
472
477
485
486
487
488
489
515
533
539
540
514
529
541
542
527
526
543
544
515
529
545
600
575
573
579
601
595
602
596
603
604
581
605
606
602
607
641
345
652
642
338
647
346
334
644
344
347
652
348
644
339
777
382
374
379
383
387
768
778
372
772
372
382
387
779
780
816
824
837
808
817
838
828
839
807
840
812
841
839
842
814
4
11
868
12
874
4
13
14
15
870
40
38
37
225
51
226
227
48
228
52
229
47
48
41
230
253
258
260
271
259
267
57
268
58
59
270
267
60
61
62
89
82
87
110
88
111
104
112
100
113
96
100
89
92
114
3108
3116
3102
3118
3110
2704
3117
2712
2713
3106
2714
3116
3108
3107
2715
2821
2740
2752
2822
2741
2823
2824
2809
2751
2807
2738
2752
2808
2825
2826
2845
2881
2858
2861
2843
2882
2852
2866
2819
2883
2884
2885
2861
2886
2881
2899
2937
2913
2906
2938
2939
2906
2900
2940
2909
2906
2941
2913
2940
2942
2971
2963
2972
2967
2934
2957
2991
2964
2961
2934
2957
2934
2992
2975
2993
3045
3046
3017
3011
3009
3047
3019
3048
3049
3050
3010
3046
3013
3017
3051
3062
2754
2774
2756
3068
2753
2754
3064
3068
2775
2776
2777
2778
2754
3068
3199
2793
3181
2803
3200
3201
2800
2792
2797
3202
3203
3204
2800
2797
3200
3212
3255
3216
3241
3245
3214
3226
3246
3227
3219
3220
3222
3255
3215
3221
3269
3274
3259
3260
3293
3294
3295
3275
3296
3272
3261
3297
3272
3298
3275
3316
3317
3342
3343
3323
3322
3344
3311
3341
3345
3322
3313
3346
3309
3342
3355
3386
3387
3388
3366
3356
3360
3361
3389
3390
3391
3392
3366
3393
3411
3437
3438
3410
3412
3439
3406
3417
3410
3440
3441
3411
3412
3451
3452
3449
3479
3453
3462
3480
3481
3482
3458
3480
3453
3483
3159
3160
3152
3123
3161
3136
3139
3130
3139
3133
3162
3163
3164
3764
3765
3766
3176
3739
3744
3767
3746
3765
3768
3746
3733
3769
3499
3498
2364
3502
3786
3504
2365
2366
2365
3502
2366
2367
2368
3072
1550
3084
3074
3085
3071
3077
1544
1551
1552
3079
1553
1554
2294
2295
2296
1578
2297
1567
1575
2298
2300
1573
2297
2298
2299
1922
2314
2324
1917
2326
1917
1923
1924
1917
1916
1940
2017
1935
1941
1944
1937
2018
2019
2020
1941
2064
2050
2055
2080
2059
2060
2081
2057
2082
2083
2084
2049
2055
2101
2108
2100
2099
2129
2130
2131
2106
2109
2109
2097
2106
2106
2174
2152
2148
2151
2142
2175
2176
2177
2178
2179
2180
2181
2179
2195
2192
2203
2215
2224
2192
2212
2232
2232
2213
2240
2256
2261
2272
2275
2258
1958
2260
2241
1959
1978
1982
1995
2383
2386
1978
1981
1997
1975
2004
2398
2410
2413
2421
2426
2400
2439
2406
2459
2472
2473
2478
2481
2461
2487
2484
2481
2481
2504
2509
2516
2522
2524
2540
2534
2517
2524
2511
2557
2559
2568
2574
2578
2572
2557
2557
2557
2582
2598
2600
2605
2614
2631
2623
2598
2602
2602
2598
2655
2664
2666
2681
2683
2680
2656
2678
2678
2688
1866
1872
1875
1876
1889
1875
1875
1875
1873
1884
1899
1529
3621
3624
3630
1896
3623
3629
3634
3637
3623
1533
1534
3629
3634
3656
3664
3674
3684
3685
3655
3660
3665
3667
3678
3693
3614
3612
3690
3658
3727
3532
3536
3537
3548
3728
3730
3530
3540
3542
3533
3514
3728
3532
3548
3806
3814
3822
3827
3831
3572
3818
3821
3824
3828
3569
3825
3811
3570
3824
3849
3850
3858
3875
3886
3880
3872
3869
3890
3887
3899
3901
3908
3913
3917
3914
3902
3901
3905
3930
3953
3961
3975
3986
3991
3991
3986
3997
3981
3793
3516
3581
3582
3585
3606
3582
3797
3583
3518
3575
4222
4228
4229
4234
4237
4253
4237
4240
4228
4228
4023
4024
4030
4032
4126
4038
4069
4034
4033
4018
4133
4139
4157
4141
4170
4140
4150
4178
4082
4100
4121
4122
4042
4106
4097
4097
4088
4097
4296
4314
4317
4326
4333
4322
4306
4297
4306
4306
4208
4210
4055
4281
4289
4289
4281
4281
4337
4349
4354
4482
4486
4272
4272
4270
4269
4345
4380
4402
4407
4412
4418
4369
4421
4412
4424
4434
4437
4456
4385
4392
4470
4479
4397
4398
4551
4552
4570
4531
4572
4551
4570
4550
4521
4585
4589
4497
4503
4514
4577
4582
4589
4600
4606
4611
4613
4631
4644
4627
4638
4704
4604
4703
4661
4663
4677
4694
4698
4674
4688
4626
4678
4696
4740
4746
4749
4755
4759
4746
4777
4746
4741
4754
4796
4826
4830
4833
4835
4822
4790
4791
4820
4805
4846
4848
4864
4866
4870
4846
4881
4870
4889
4844
5021
5031
5033
5038
5048
5049
5043
5004
5012
5014
5060
5078
5080
5084
5097
5071
5101
5063
5073
5087
5121
5124
5125
5143
5145
5132
5125
5114
5141
5128
5162
5167
5168
5180
5181
5208
5210
5171
5203
5180
5270
5288
5292
5304
5309
5282
5274
5271
5292
5274
5330
5332
5337
5369
5370
5337
5363
5362
5337
5336